7.00
11.00
11.75
4.00
2.00
1.50
0.75
4.00
7.50
10.00
4.00
3.50
3.25
2.50
4.25
6.25
6.75
9.75
17.00
19.50
17.00
16.50
17.50
15.25
20.75
20.00
12.50
15.75
15.75
15.00
8.75
9.50
9.75
14.50
9.25
5.00
6.75
6.75
8.25
8.25
8.75
10.75
8.75
13.50
16.00
18.25
21.75
10.75
11.00
12.50
14.75
11.25
6.25
10.25
1.00
0.25
8.25
4.75
3.25
3.50
2.75
1.50
0.00
1.50
1.50
2.25
2.75
3.00
0.75
3.75
6.75
1.25
1.25
2.75
2.75
5.50
6.75
3.50
4.25
1.50
2.25
7.00
28.25
28.25
21.00
27.50
39.25
31.00
30.00
32.75
35.00
47.50
57.25
47.00
43.50
45.50
46.00
97.25
116.25
114.25
115.00
114.00
4.25
3.00
11.75
24.50
23.00
16.75
24.50
20.25
17.50
27.25
27.75
27.25
23.25
27.25
28.00
25.75
22.25
29.00
22.25
25.50
17.75
23.50
26.00
38.50
33.25
45.25
31.75
